1 55 63
2 69 66
3 20 77
4 10 75
5 89 22
6 72 69
7 84 17
8 48 85
9 78 54
10 53 56
11 63 4
12 58 57
13 51 58
14 43 66
15 17 18
16 69 38
17 74 29
18 43 50
19 7 62
20 84 56
21 37 17
22 40 32
23 99 52
24 66 67
25 66 55
26 47 9
27 36 55
28 51 47
29 55 66
30 71 11
31 40 5
32 51 54
33 57 58
34 27 31
35 36 36
36 55 68
37 64 58
38 92 49
39 59 40
40 13 59
41 46 3
42 61 55
43 68 77
44 68 67
45 77 55
46 57 18
47 53 56
48 52 14
49 55 45
50 66 70
51 68 57
52 63 60
53 51 76
54 50 50
55 47 40
56 53 51
57 64 63
58 68 16
59 70 100
60 50 63
61 58 43
62 84 69
63 55 59
64 80 58
65 43 71
66 53 68
67 38 66
68 30 66
69 44 59
70 44 68
71 67 55
72 68 42
73 63 60
74 31 50
75 77 55
76 77 65
77 21 56
78 44 69
79 45 50
80 63 56
81 88 11
82 59 84
83 55 53
84 76 68
85 59 82
86 2 51
87 55 46
88 5 76
89 33 21
90 52 63
91 86 55
92 59 53
93 100 89
94 47 65
95 57 51
96 90 5
97 62 57
98 57 67
99 57 76
100 70 25
101 34 23
102 26 45
103 59 72
104 65 75
105 52 95
106 18 68
107 60 57
108 50 62
109 59 56
110 55 40
111 51 42
112 33 88
113 53 19
114 79 50
115 10 40
116 59 28
117 41 73
118 24 97
119 52 56
120 75 96
121 24 54
122 60 85
123 37 14
124 28 94
125 65 88
126 30 43
127 69 83
128 38 44
129 62 57
130 9 59
131 59 23
132 64 50
133 87 62
134 48 58
135 63 82
136 50 66
137 68 59
138 58 4
139 88 75
140 61 50
141 50 59
142 77 45
143 72 71
144 51 51
145 74 27
146 45 15
147 91 80
148 52 56
149 52 69
150 50 90
151 78 73
152 78 50
153 58 68
154 32 18
155 67 59
156 12 59
157 61 44
158 65 67
159 89 94
160 63 53
161 43 51
162 33 77
163 54 94
164 79 62
165 65 5
166 80 56
167 50 55
168 50 16
169 68 52
170 7 72
171 13 57
172 62 61
173 58 72
174 77 78
175 80 74
176 62 18
177 62 79
178 56 68
179 70 61
180 56 59
181 33 97
182 63 45
183 50 63
184 54 54
185 59 69
186 29 42
187 36 57
188 56 8
189 12 57
190 62 55
191 49 90
192 15 23
193 49 10
194 84 98
195 31 45
196 52 51
197 84 25
198 64 87
199 80 62
200 51 90
201 78 50
202 54 54
203 60 42
204 19 54
205 40 51
206 61 58
207 67 41
208 87 62
209 28 54
210 60 52
211 64 38
212 59 69
213 58 67
214 42 31
215 51 35
216 46 75
217 75 15
218 78 70
219 67 59
220 61 97
221 50 62
222 58 61
223 64 50
224 69 58
225 53 79
226 57 11
227 21 46
228 49 68
229 46 68
230 56 51
231 71 33
232 62 88
233 39 58
234 80 75
235 55 51
236 25 69
237 45 63
238 89 40
239 74 69
240 95 57
241 34 32
242 30 51
243 45 62
244 39 68
245 58 45
246 85 56
247 74 20
248 52 61
249 49 64
250 39 48
251 53 53
252 54 56
253 54 60
254 46 56
255 9 27
256 13 47
257 69 47
258 42 57
259 76 37
260 22 44
261 69 54
262 67 88
263 63 32
264 29 19
265 11 37
266 44 57
267 53 18
268 56 12
269 28 64
270 56 10
271 74 78
272 84 54
273 60 58
274 58 8
275 30 37
276 3 41
277 95 17
278 57 59
279 64 29
280 28 18
281 41 85
282 59 13
283 6 43
284 46 27
285 59 60
286 22 65
287 78 39
288 51 52
289 57 51
290 50 83
291 52 64
292 63 77
293 14 20
294 29 72
295 47 54
296 61 61
297 78 59
298 57 61
299 72 50
300 77 51
301 77 63
302 50 50
303 99 50
304 30 50
305 50 52
306 52 82
307 38 64
308 29 45
309 50 62
310 78 43
311 28 76
312 73 71
313 56 61
314 38 23
315 26 16
316 52 57
317 52 41
318 50 6
319 16 50
320 10 84
321 26 63
322 75 36
323 49 35
324 93 37
325 66 54
326 81 67
327 57 64
328 62 78
329 79 61
330 22 27
331 52 64
332 68 61
333 22 56
334 44 58